L = [ 80	28		36		47;
	25		49		68		72;
	48		77		68		31;
	97		45		58		47; ]
m = [ 471		500		351		240;
	907		751		531		260;
	842		462		548		321;
	482		648		325		412;	]
	
c1 = [ 18 	16		19		24;
	25		14		18		36;
	19		78		24		13;
	19		16		17		34; ]

c2 = [ 2  	7		9		6;
		3		4		6		7;
		4		5		8		2;
		2		2		2		2; ]
		
L = [4800		5210	6249	2058;]

f = [4800		5210	6249	3058;
	9800		7210	4249	2058;
	6800		6210	8249	4058;
	2800		1210	9249	6058;]
	
g = [ 2506312	1813468		842354		942318;]

C = [ 480	480	490		480;]

x1 = [ 84		95		954		218;
			841		213			654		12;
			815			2565	510		351;
			182		5413		156		123;]


x2 = [ 84		95		954		218;
			841		213			654		12;
			815			2565	510		351;
			182		5413		156		123;]


x3 = [ 84		95		954		218;
			841		213			654		12;
			815			2565	510		351;
			182		5413		156		123;]


y = [ 1 0 1 0;
	0 1	0 1;
	1 1 0 1;
	0 0 1 1;]
z = [ 1 1 0 1;]
